730 440 780 440
730 440 730 450
780 440 780 450
720 450 730 450
780 450 810 450
720 450 720 460
810 450 810 460
720 460 810 460
720 460 720 470
750 460 750 470
770 460 770 480
780 460 780 480
790 460 790 470
710 470 720 470
720 470 730 470
740 470 750 470
790 470 810 470
710 470 710 500
720 470 720 490
730 470 730 490
740 470 740 480
810 470 810 480
740 480 750 480
770 480 780 480
780 480 790 480
810 480 820 480
750 480 750 490
780 480 780 490
790 480 790 490
820 480 820 490
720 490 730 490
730 490 750 490
770 490 780 490
790 490 820 490
730 490 730 500
770 490 770 500
810 490 810 500
710 500 730 500
770 500 810 500
730 500 730 520
800 500 800 510
730 510 800 510
730 510 730 520
740 510 740 540
750 510 750 530
780 510 780 540
710 520 730 520
770 520 810 520
710 520 710 530
770 520 770 530
780 520 780 540
810 520 810 530
700 530 710 530
750 530 770 530
810 530 820 530
700 530 700 540
820 530 820 540
700 540 720 540
730 540 750 540
770 540 790 540
800 540 820 540
720 540 720 550
730 540 730 550
740 540 740 550
750 540 750 550
770 540 770 550
780 540 780 550
790 540 790 550
800 540 800 550
720 550 730 550
740 550 750 550
770 550 780 550
790 550 800 550
730 550 730 560
790 550 790 560
720 560 730 560
790 560 800 560
720 560 720 580
800 560 800 580
750 570 770 570
750 570 750 580
770 570 770 580
710 580 750 580
770 580 810 580
710 580 710 590
740 580 740 600
780 580 780 600
810 580 810 590
700 590 710 590
810 590 820 590
700 590 700 600
820 590 820 600
700 600 740 600
780 600 820 600
100 350 500 350
100 300 100 350
100 300 150 300
150 300 150 350
150 300 170 320
170 320 170 350
200 300 200 350
200 300 250 300
250 300 250 350
250 300 270 320
270 320 270 350
350 300 350 350
350 300 400 300
400 300 400 350
400 300 420 320
420 320 420 350
450 300 450 350
450 300 500 300
500 300 500 350
500 300 520 320
520 320 520 362
300 350 300 150
320 350 320 150
280 150 450 150
280 150 280 50
450 150 450 50
280 50 450 50
100 600 100 350
500 600 500 350
100 600 500 600
250 600 250 450
350 600 350 450
250 450 350 450
150 400 200 400
150 500 200 500
150 500 150 400
200 500 200 400
400 400 450 400
400 500 450 500
400 500 400 400
450 500 450 400
550 380 550 600
500 350 550 380
150 400 170 420
170 420 200 420
170 420 170 500
400 400 420 420
420 420 450 420
420 420 420 500
250 450 270 470
270 470 350 470
270 470 270 600
500 600 550 600
